$ANSIBLE_VAULT;1.1;AES256
63326164343831376165656461343138303065333437306536333936333164323336343039383265
3930356436643362653334343662376166656164613232330a633730316339623432383937353338
38376536633239626639613334386162336165363232653966383563303733393131663162336465
3466353961313030640a313738326536356236663164313564663530343234323866356533333430
39646663386366306337333734356163656637666366326166303635326365623236643464383533
31323133363232663033643963386562356265653937303964393966383466626535626539306336
65653966313133336666353662333562373635336439303766343236343364303664383161316632
31336336386438336631363331366366303136633264623538336236633133663465636432646461
31373732323839626338633832613766316134666533643164336361636234316439333233353230
63346538386435326131623066363535343165636133303933343538343830323061333230666537
31663030383934643565613565376332663264316130363638626634316531643435643139623139
37356163336564383639623863346539363464303636383863623261303633313266616131363230
64643635643938303035653537393761643863383665643431366463663830353334333735346263
34616164346636623663363235386365633363396137626361613663616561333538353862613232
34626331666537333162663764666564373033666431613732393464363563333831333962656266
63303730626165353461393666353436663831323864626533393864363933636266393836343336
34366664326638303161393563613539656235653234636238626261613530306566353264316666
36303334656561646565346131346233393230333861633761353631666363653631353561356364
62366537633930663637386239316632333162666663343631363933623864383732666330353935
65623832663736656264616139613962626530343937623133363664333631373739656537666662
61333134353965653363386332626139343830343133663634643030313165346463653935363961
35666465313333346238393361653737626433393937636636626635316262353964396633666432
62343462636234336237633038653163356239393038373433626636653136633330363935646566
32326434656433316264303030656465636664663832306537326133626161343861376439646666
64646564636166336231333061656232633062366635306361303935333731363639373161653665
66633834333833396635633039316130343534313364303864616530353832306366306163653432
39366337343739373361623566623535383361653831323066643138363530363633613837316361
31303436356238323632343431356664646363303761333133313061336265373565366365303530
33663738393961306631633338343838326639663261316238383134653231666233623930373434
37653862323465363634393431376439363533316333306532636261313938636461343235633630
36623237373634613363643465353332313062656663333839323532623366306531316430313133
30633934396336313631616561656131643764353964623336623133383663376236363562323035
61303938366232616337363935376332616235333335346263383933643932376566383132336164
37663863333363663465353931656239643937346532613330366565313135623865366230626365
39353233303930656532366131376638643831356235386262616236356161376461663534613935
37646462623631303761633237646664393738666334323030663962383532323565663838326261
34316431653366383466303464346138333739346565366264376164626461366637616665633533
34316361343261373536643038613166646464303564333261376430353636323838363337373533
66663932373438636630363065316366613339636665656134303362633531666562373434303163
64333864303339386131323738323637386538383238636130386265613739653264323633316630
36313464336165616564653738643766393336306361653237653732373462623566363134326230
36636338653065623234363562356162653230636337303332623936656236393836653631633564
34393131313762633435303264616234643362316135326365303831653865353634303034336537
37653163373230636261313533323333393564666233313733336663636233356466663064353839
38636562663062333738366461646636646133376139376465353334633063366336393333356331
65633564346434636230653261333437343965383164323666363162373237653433346531383965
38303437373637303730353133616261653737643162613131373164616231663363633536636332
35363732313862663264323532643135343636363436353961656661653835373631333863326366
35613832613134363464303537373262346532363531653636336436343165616262646330643238
61376561336661383938313833633735343931363631646161373531643930613339306432383762
61336634373135626339386465343766346530386562386339623838346637356135626436636561
30646366643934323239613864333762616663653336313935373232613663653664313963666637
62636131653238383230663834303039346337653532373930303530373934303931626635326435
64643238313866643531306134396433326637666236663637353166323633366137396361663530
65656637316136616537623830336161633534343165356433636136633939653437353763323533
39633261613738303463663035366633333261396662396337373931313632346561613436613034
38343862353330663533323832633230383162373538353235633934366239646234653035386236
33376135663763346432316165336366336566643033346564646636383939633630353736636237
33383333333535343133623637666539306532623761363331393030363064333830303464366337
38303934393665303766626165373764383966653639303462356262626132626563626363386165
61373839323361616238363933636435383736623730633835626166373463393564346638653161
33363937666532376561363834303931316439396365646330656338363965616164356363393430
63363238353063636531376530663435613566646364323039323065306237306132663663323838
66343035353132383330363732666662306233366430336137656436656566663135633461373933
65326531386339383065346134343436323936313437326236383135613437636663636165383430
62396435396161633262346463646464396134323861303539623131366261316438613765626234
31643964353535636634323733636166623338316635613131393561376135616334646635656465
37613936386335666261636262343162393836313835613061646662396661626432303436313961
64323261343735616664613265323739653434343139376439396663386134386636613737353331
39386265643164393638383863323739353833376533313736383234663639643635303062363737
64653138613663653261376334663739336435643939346533383136373330323830336131326562
32363235393534373037333435376465363835393062633966386234613836313430343661666431
39353339633263346638356564663566373632303164323366363639376337363532616333386661
39373235323536306465613032373465376439663265353163653133646136393039353536346266
30623038323762353937343635373564633666636339393631623366366431323237366536636135
37333764303265373962663365363336373161383832626239393838323531393739353039353636
36313436363366643630643134336330383330343764646439633662373830366339306130393265
30353335666132636630346236646335663838353265656261316262316136343730353733366539
66386634643362346364373265613935303135343834393965626532633233313861653564646233
64646363376137323066396362386238303132353839613637326463623435363834636133303239
32386637613035366462366564636161323961616230636430376334306266323333343836646662
39356263333134633134313864336537306130326362613361616164323263643231356437343864
39316637666166366662376638653266306434353665396436396262366463616432373465633433
39393438356365633135663732356263656365393730626636636662326161663733623962383030
39623561303533633262396531363139346139636138303135303334306638383231326163333235
63613866333266666131333835616132303562666131633265306561326133616462663238653936
66633263666366303732303532353662646466343737326563333833613965306132356432343064
64396361643431633932623036343633386330636265613966303731363338336632653861343137
61326231633530333838626461633735646562633831656637363633633165376334376234386430
36643231326132653364383434323332353935623835303931666538306230346563306364326630
38376630393636393637616430623761383336666264626235653533363032616363333434353566
34303435363934356332356536613434343332316631363539663937616265633264366161323630
33646433353665663531663630363430373565363938643964313138633830613135306532303664
39633832393662626665383463646437646133366261633633373161353732353130616431666164
63376265363963656161333837343830363935666464353862383838363534336233323632373338
38336165373938653561356431653533373662636433626166656236323137383765653465343961
66646638366532313634316436363764336365613734653534643133653838343936636266376534
65653866613364396230356136613839316338363636646630363266303961306332356435336263
37393265663733373561336463646338636561663036323031303336653566303739643865323837
34643432376561363964366565303862386365616533653237623237626332343130643134376332
38356437396233303066366663613561643939336436323561356539643664656263666538316562
31343132623637653539303465316466363130313064643561663134343839663362376361653564
32656536383539343831376161613335333030323239313431623664636530373638363431653766
37633934616662396163336632613632383830323664613566333162303161643539636534633533
39633665346639633564616165626132353337323435613430646437356333653364313763613336
63303135303666613438643434396631396133303938646364386362396633373536353136663965
31653830393537636534656339313066363334636537653365306236386639383933663466373433
38383734303734643238663932383238663633306138383962383063386633376437306135346431
37313032383130613033613730343762666635626364626535336665303538346130373764353962
33313138316636663335623962353134393965306238396530633330623037333166313933623438
30323863316563393362663062383166386338366439363961656265363034326437376665616263
32396631383836333035643738313163316534363932316536646339363337313132313434343438
32343037316135363630636636383532643663356636316465643861656633333032656237646531
35346239373035636335363339356537653261353436343538633339343565313862643637656230
37326363306438643430313130303534336132383537643234333165653533316637633663353932
65353432396432326261666363343264313437303336373538383732336264383164386133346163
61666565326230353762623538353364396432303836626265393932313337323562396463336362
34653139376235316631656235306665363561323730336262313865666336643162376330663239
61366363336337623661323030323634653235633164303564663061363465656330613866653863
32303962626132653565363637616135643436326434356634616566633538376563633935613762
38363137653935383438396637326538353965336331363633633361636434333438323561666461
66303063643033346237643736366662633466363861313534646230393933613936323932623334
66643764616363643031376664376236336162663435356339336263376162316666366261396633
36363733376262306333623863666266353165633232323634343731386139613563623266346335
34376666386130396636343234646639653863386262373735306365303165363661313138303766
39356663363238363264393730646433376238623539663864616463323565356232613166303963
66383335633233383330616333653666363430373532356535376639333566333533333964396665
65306438613630376433343062653365383432326132636661623165373962363264376636653364
61626339343739376239653865656232666238323736626364393265356664666261653439326535
65383735613261656563316630333039663164643634383136356663363061636437303333643266
62373865383065646331646639636336666532373331386663383833613930336238313566323132
65333531313230386631613238373832646231643837336639646531326666303138613730336435
64633764613064626335636234623330613162303836623266613335623639356434626538383731
39366635336138376236643361393439343638366565303666396162393535666364623034623238
35613635323037616564323364636239313436396530366433633930626664623832353733666365
37663065376530393132643438313432633730363835323336663137623933353137393436626463
63333439663037623166313935333130363965616264666139633264613933303031646238346339
64356263306634316661396338383239386237343336333430663963356263626536366337653365
66643061663931643831643165616662623433356533646639353064353539613938393665653837
38333034363239396232663733353835376639653031656461373833373433336636653137363639
37333135303162616538356133646562373563353931646432323262646363383137
